[0]: 0
[1]: 1
[2]: 2
[3]: 3
[4]: 4
[5]: 5
[6]: 6
[7]: 7
[8]: 8
[9]: 9
[10]: 10
[11]: 11
[12]: 12
[13]: 13
[14]: 14
[15]: 15
[16]: 16
[17]: 17
[18]: 18
[19]: 19
[20]: 20
[21]: 21
[22]: 22
[23]: 23
[24]: 24
[25]: 25
[26]: 26
[27]: 27
[28]: 28
[29]: 29
[30]: 30
[31]: 31
[32]: 32
[33]: 33
[34]: 34
[35]: 35
[36]: 36
[37]: 37
[38]: 38
[39]: 39
[40]: 40
[41]: 41
[42]: 42
[43]: 43
[44]: 44
[45]: 45
[46]: 46
[47]: 47
[48]: 48
[49]: 49
[50]: 50
[51]: 51
[52]: 52
[53]: 53
[54]: 54
[55]: 55
[56]: 56
[57]: 57
[58]: 58
[59]: 59
[60]: 60
[61]: 61
[62]: 62
[63]: 63
[64]: 64
[65]: 65
[66]: 66
[67]: 67
[68]: 68
[69]: 69
[70]: 70
[71]: 71
[72]: 72
[73]: 73
[74]: 74
[75]: 75
[76]: 76
[77]: 77
[78]: 78
[79]: 79
[80]: 80
[81]: 81
[82]: 82
[83]: 83
[84]: 84
[85]: 85
[86]: 86
[87]: 87
[88]: 88
[89]: 89
[90]: 90
[91]: 91
[92]: 92
[93]: 93
[94]: 94
[95]: 95
[96]: 96
[97]: 97
[98]: 98
[99]: 99
[100]: 100
[101]: 101
[102]: 102
[103]: 103
[104]: 104
[105]: 105
[106]: 106
[107]: 107
[108]: 108
[109]: 109
[110]: 110
[111]: 111
[112]: 112
[113]: 113
[114]: 114
[115]: 115
[116]: 116
[117]: 117
[118]: 118
[119]: 119
[120]: 120
[121]: 121
[122]: 122
[123]: 123
[124]: 124
[125]: 125
[126]: 126
[127]: 127
[128]: 128
[129]: 129
[130]: 130
[131]: 131
[132]: 132
[133]: 133
[134]: 134
[135]: 135
[136]: 136
[137]: 137
[138]: 138
[139]: 139
[140]: 140
[141]: 141
[142]: 142
[143]: 143
[144]: 144
[145]: 145
[146]: 146
[147]: 147
[148]: 148
[149]: 149
[150]: 150
[151]: 151
[152]: 152
[153]: 153
[154]: 154
[155]: 155
[156]: 156
[157]: 157
[158]: 158
[159]: 159
[160]: 160
[161]: 161
[162]: 162
[163]: 163
[164]: 164
[165]: 165
[166]: 166
[167]: 167
[168]: 168
[169]: 169
[170]: 170
[171]: 171
[172]: 172
[173]: 173
[174]: 174
[175]: 175
[176]: 176
[177]: 177
[178]: 178
[179]: 179
[180]: 180
[181]: 181
[182]: 182
[183]: 183
[184]: 184
[185]: 185
[186]: 186
[187]: 187
[188]: 188
[189]: 189
[190]: 190
[191]: 191
[192]: 192
[193]: 193
[194]: 194
[195]: 195
[196]: 196
[197]: 197
[198]: 198
[199]: 199
[200]: 200
[201]: 201
[202]: 202
[203]: 203
[204]: 204
[205]: 205
[206]: 206
[207]: 207
[208]: 208
[209]: 209
[210]: 210
[211]: 211
[212]: 212
[213]: 213
[214]: 214
[215]: 215
[216]: 216
[217]: 217
[218]: 218
[219]: 219
[220]: 220
[221]: 221
[222]: 222
[223]: 223
[224]: 224
[225]: 225
[226]: 226
[227]: 227
[228]: 228
[229]: 229
[230]: 230
[231]: 231
[232]: 232
[233]: 233
[234]: 234
[235]: 235
[236]: 236
[237]: 237
[238]: 238
[239]: 239
[240]: 240
[241]: 241
[242]: 242
[243]: 243
[244]: 244
[245]: 245
[246]: 246
[247]: 247
[248]: 248
[249]: 249
[250]: 250
[251]: 251
[252]: 252
[253]: 253
[254]: 254
[255]: 255
[60, 124, 101, 110, 100, 111, 102, 116, 101, 120, 116, 124, 62]: 256
[32, 116]: 257
[32, 97]: 258
[104, 101]: 259
[105, 110]: 260
[32, 116, 104, 101]: 261
[114, 101]: 262
[32, 111]: 263
[32, 44]: 264
[101, 114]: 265
[32, 115]: 266
[97, 116]: 267
[32, 46]: 268
[110, 100]: 269
[105, 115]: 270
[111, 114]: 271
[32, 119]: 272
[32, 99]: 273
[111, 110]: 274
[32, 98]: 275
[32, 102]: 276
[111, 117]: 277
[105, 116]: 278
[101, 110]: 279
[101, 115]: 280
[32, 111, 102]: 281
[32, 112]: 282
[105, 110, 103]: 283
[32, 105, 110]: 284
[101, 100]: 285
[97, 108]: 286
[32, 109]: 287
[32, 97, 110, 100]: 288
[32, 100]: 289
[97, 110]: 290
[97, 114]: 291
[32, 116, 111]: 292
[111, 109]: 293
[32, 116, 104]: 294
[105, 99]: 295
[105, 111, 110]: 296
[32, 104]: 297
[32, 108]: 298
[32, 121]: 299
[32, 101]: 300
[97, 115]: 301
[111, 116]: 302
[105, 108]: 303
[32, 110]: 304
[32, 117]: 305
[101, 110, 116]: 306
[32, 98, 101]: 307
[32, 38]: 308
[32, 105, 115]: 309
[32, 121, 111, 117]: 310
[111, 115]: 311
[32, 114, 101]: 312
[101, 116]: 313
[32, 102, 111, 114]: 314
[117, 116]: 315
[101, 108]: 316
[32, 103]: 317
[97, 121]: 318
[115, 116]: 319
[111, 119]: 320
[108, 101]: 321
[99, 101]: 322
[97, 100]: 323
[32, 111, 110]: 324
[32, 73]: 325
[118, 101, 114]: 326
[118, 101]: 327
[32, 65]: 328
[117, 114]: 329
[111, 108]: 330
[99, 116]: 331
[113, 117]: 332
[32, 116, 104, 97, 116]: 333
[105, 109]: 334
[97, 108, 108]: 335
[97, 109]: 336
[105, 103]: 337
[99, 104]: 338
[97, 116, 105, 111, 110]: 339
[32, 80]: 340
[105, 116, 104]: 341
[105, 114]: 342
[32, 83]: 343
[32, 105, 116]: 344
[32, 112, 114]: 345
[97, 112]: 346
[32, 115, 104]: 347
[32, 67]: 348
[116, 104]: 349
[32, 99, 111, 109]: 350
[32, 64]: 351
[32, 119, 104]: 352
[45, 64]: 353
[32, 97, 114, 101]: 354
[32, 64, 45, 64]: 355
[110, 116]: 356
[105, 100]: 357
[32, 119, 105, 116, 104]: 358
[32, 97, 108]: 359
[111, 112]: 360
[32, 117, 115]: 361
[101, 114, 115]: 362
[32, 97, 115]: 363
[116, 104, 101]: 364
[97, 110, 100]: 365
[105, 102]: 366
[111, 114, 100]: 367
[111, 100]: 368
[32, 104, 101]: 369
[105, 115, 116]: 370
[113, 117, 111, 116]: 371
[109, 101, 110, 116]: 372
[32, 77]: 373
[32, 111, 114]: 374
[111, 114, 101]: 375
[32, 71]: 376
[32, 102, 114]: 377
[105, 108, 108]: 378
[114, 101, 115]: 379
[32, 115, 116]: 380
[101, 115, 115]: 381
[108, 100]: 382
[32, 116, 104, 105, 115]: 383
[32, 50]: 384
[97, 114, 116]: 385
[32, 59]: 386
[32, 76]: 387
[108, 121]: 388
[97, 105, 110]: 389
[117, 108]: 390
[32, 100, 101]: 391
[32, 99, 111, 110]: 392
[101, 115, 116]: 393
[115, 101]: 394
[97, 112, 111, 115]: 395
[97, 103]: 396
[32, 102, 114, 111, 109]: 397
[32, 97, 110]: 398
[32, 119, 101]: 399
[32, 40]: 400
[48, 48]: 401
[116, 101, 114]: 402
[32, 69]: 403
[101, 109]: 404
[97, 118, 101]: 405
[32, 110, 111, 116]: 406
[32, 41]: 407
[32, 49]: 408
[32, 121, 111, 117, 114]: 409
[111, 99]: 410
[32, 99, 97, 110]: 411
[32, 98, 121]: 412
[32, 68]: 413
[32, 110, 101]: 414
[32, 118]: 415
[105, 103, 104]: 416
[105, 99, 104]: 417
[32, 97, 108, 108]: 418
[114, 105]: 419
[32, 117, 112]: 420
[32, 114]: 421
[32, 87]: 422
[98, 108, 101]: 423
[32, 116, 104, 101, 121]: 424
[32, 66]: 425
[117, 110]: 426
[32, 121, 101]: 427
[32, 119, 104, 105, 99, 104]: 428
[32, 79]: 429
[107, 101]: 430
[32, 119, 111, 114]: 431
[32, 115, 117]: 432
[32, 70]: 433
[32, 72]: 434
[32, 104, 97, 118, 101]: 435
[97, 116, 101]: 436
[32, 115, 104, 97, 108, 108]: 437
[32, 99, 104]: 438
[101, 99, 116]: 439
[105, 116, 121]: 440
[32, 115, 112]: 441
[114, 101, 115, 115]: 442
[105, 103, 104, 116]: 443
[32, 119, 105, 108, 108]: 444
[32, 99, 111, 109, 112]: 445
[111, 114, 116]: 446
[97, 110, 116]: 447
[32, 38, 35]: 448
[105, 118, 101]: 449
[97, 114, 101]: 450
[46, 46]: 451
[32, 101, 120]: 452
[32, 65, 110, 100]: 453
[32, 46, 46, 46]: 454
[97, 115, 116]: 455
[50, 52]: 456
[32, 84]: 457
[111, 117, 108, 100]: 458
[118, 101, 110]: 459
[32, 116, 114]: 460
[117, 115, 116]: 461
[117, 109]: 462
[111, 117, 116]: 463
[99, 111, 109]: 464
[32, 117, 110, 116]: 465
[32, 115, 101]: 466
[102, 116]: 467
[114, 101, 101]: 468
[111, 115, 116]: 469
[111, 103]: 470
[105, 115, 104]: 471
[105, 111, 110, 115]: 472
[105, 122]: 473
[49, 50, 52]: 474
[32, 117, 110, 116, 111]: 475
[109, 101, 114]: 476
[105, 110, 103, 115]: 477
[32, 97, 99]: 478
[116, 104, 105, 115]: 479
[97, 116, 101, 100]: 480
[97, 99]: 481
[108, 117]: 482
[101, 114, 101]: 483
[32, 109, 97, 110]: 484
[102, 111, 114]: 485
[32, 109, 121]: 486
[32, 97, 116]: 487
[105, 101, 115]: 488
[97, 103, 101]: 489
[114, 111, 117]: 490
[108, 111]: 491
[97, 110, 115]: 492
[112, 112]: 493
[105, 110, 100]: 494
[32, 119, 111, 114, 107]: 495
[104, 101, 114, 101]: 496
[102, 111, 114, 101]: 497
[32, 115, 105, 116]: 498
[32, 118, 101, 114]: 499
